//-------------------------------------------------------//
//		Proyecto OGC-Files V. 1.0                //
//   Version GS 1.00.18 Y GS-CS 1.00.19 Protocolo Eng    //
//           http://www.ogc-files.com.ar                 //
//-------------------------------------------------------//
//                    Code By ElChapu                    //
//             http://www.ogc-soft.com                   //
//-------------------------------------------------------//
//    OGC-Files Team: ElChapu, xCUERVOX, LucasTocxy      //
//-------------------------------------------------------//
//!!!! OGCItemDrop restricted monster levels: 122 (Hell Maine)

//Lorencia
//===========================================================================================================================================================================================================================================
//Numb	Rate	Name			Level	HP	MP    MinDmg  MaxDmg   Def    MagDef  Attack Success   Move  AttType  Range    View  MoveSpeed AttSpeed	Regen	Attri	ItemR	MoneyR	MaxI ResWind ResPois  ResIce ResWater ResFire
//===========================================================================================================================================================================================================================================
3	1	"Spider"		2	30	0	4	7	1	0	8	1	2	0	1	5	400	1800	10	2	120	10	6	0	0	0	0	0
26	1	"Goblin"		3	45	0	7	10	2	0	13	2	2	0	1	4	400	1800	10	2	120	10	6	0	0	0	0	0
2	1	"Budge Dragon"		4	60	0	10	13	3	0	18	3	3	0	1	4	400	2000	10	2	120	10	6	0	0	0	0	0
27	1	"Scorpion"		5	80	0	13	17	4	0	23	4	3	0	1	4	400	1800	10	2	120	10	6	0	0	0	0	0
0	1	"Bull Fighter"		6	100	0	16	20	6	0	28	6	3	0	1	5	400	1600	10	2	130	10	6	0	0	0	0	0
33	1	"Elite Goblin"		8	120	0	19	23	8	0	33	8	3	0	1	5	400	1600	10	2	130	10	6	0	0	0	0	0
1	1	"Hound"			9	140	0	22	27	9	0	39	9	3	0	1	5	400	1600	10	2	130	10	6	0	0	0	0	0
28	1	"Beetle Monster"	10	165	0	26	31	10	0	44	10	3	0	1	5	400	1600	10	2	140	10	6	0	0	0	0	0
4	1	"Bull Fighter"		12	190	0	31	36	12	0	50	12	3	0	1	4	400	1400	10	2	140	12	6	0	0	0	0	0
29	1	"Hunter"		13	220	0	36	41	13	0	56	13	3	0	4	4	400	1600	10	2	140	12	6	0	0	0	0	0
6	1	"Lich"			14	255	0	41	46	14	0	62	14	3	2	4	7	400	2000	10	2	150	12	6	0	0	0	0	1
14	1	"Skeleton"		19	525	0	68	74	22	0	93	22	2	0	1	4	400	1400	10	2	160	12	6	0	0	0	0	0

// Noria
//===========================================================================================================================================================================================================================================
//Numb	Rate	Name			Level	HP	MP    MinDmg  MaxDmg   Def    MagDef  Attack Success   Move  AttType  Range    View  MoveSpeed AttSpeed	Regen	Attri	ItemR	MoneyR	MaxI ResWind ResPois  ResIce ResWater ResFire
//===========================================================================================================================================================================================================================================
30	1	"Forest Monster"	15	295	0	46	51	15	0	68	15	3	0	1	4	400	1600	10	2	150	12	6	0	0	0	0	0
31	1	"Agon"			16	340	0	51	57	16	0	74	16	2	0	1	4	400	1400	10	2	150	12	6	0	0	0	0	0
7	1	"Giant"			17	400	0	57	62	18	0	80	18	2	0	2	3	400	2200	10	2	150	12	6	0	0	0	0	0
32	1	"Stone Golem"		18	465	0	62	68	20	0	86	20	2	0	2	3	400	2200	10	2	160	12	6	0	0	0	0	0

// Devias
//===========================================================================================================================================================================================================================================
//Numb	Rate	Name			Level	HP	MP    MinDmg  MaxDmg   Def    MagDef  Attack Success   Move  AttType  Range    View  MoveSpeed AttSpeed	Regen	Attri	ItemR	MoneyR	MaxI ResWind ResPois  ResIce ResWater ResFire
//===========================================================================================================================================================================================================================================
24	1	"Worm"			20	600	0	75	80	25	0	100	25	3	0	1	4	400	1600	10	2	160	14	6	0	0	2	0	0
22	1	"Ice Monster"		22	650	0	80	85	27	0	110	27	2	7	1	5	400	2000	10	2	170	14	6	0	0	3	0	0
23	1	"Hommerd"		24	700	0	85	90	29	0	120	29	3	0	1	5	400	1600	10	2	170	14	6	0	0	3	0	0
21	1	"Assassin"		26	800	0	95	100	33	0	130	33	2	0	1	7	400	2000	10	2	180	14	6	0	0	0	0	0
19	1	"Yeti"			30	900	0	105	110	37	0	150	37	2	17	4	6	400	2000	10	2	180	14	6	0	0	3	0	0
20	1	"Elite Yeti"		36	1200	0	120	125	50	0	180	43	3	0	1	6	400	1400	10	2	180	14	6	0	1	4	1	1
25	1	"Ice Queen"		53	4000	0	155	165	90	0	260	76	3	11	4	7	400	1400	50	2	180	14	3	0	4	5	4	4

// Dungeon
//===========================================================================================================================================================================================================================================
//Numb	Rate	Name			Level	HP	MP    MinDmg  MaxDmg   Def    MagDef  Attack Success   Move  AttType  Range    View  MoveSpeed AttSpeed	Regen	Attri	ItemR	MoneyR	MaxI ResWind ResPois  ResIce ResWater ResFire
//===========================================================================================================================================================================================================================================
12	1	"Larva"			25	750	0	90	95	31	0	125	31	3	1	1	4	400	1800	10	2	200	14	6	0	2	0	0	0
17	1	"Cyclops"		28	850	0	100	105	35	0	140	35	3	0	1	4	400	1600	10	2	170	14	6	0	2	0	0	0
11	1	"Ghost"			32	1000	0	110	115	40	0	160	39	3	0	1	5	400	1400	10	2	190	14	6	0	2	2	2	2
15	1	"Skeleton Archer"	34	1100	0	115	120	45	0	170	41	2	0	5	7	400	2000	10	2	190	14	6	0	1	1	1	1
5	1	"Hell Hound"		38	1400	0	125	130	55	0	190	45	3	0	1	4	400	1200	10	2	190	14	6	0	1	1	1	3
13	1	"Hell Spider"		40	1600	0	130	135	60	0	200	47	3	11	4	7	400	1600	10	2	190	14	6	0	3	1	1	1
16	1	"Elite Skeleton"	42	1800	0	135	140	65	0	210	49	2	0	1	4	400	1600	10	2	190	14	4	0	1	1	1	1
9	1	"Thunder Lich"		44	2000	0	140	145	70	0	220	55	3	3	4	7	400	2200	10	2	190	14	3	0	2	2	3	2
8	1	"Bull Fighter"		46	2500	0	145	150	75	0	230	61	3	1	1	5	400	1400	10	2	190	14	3	0	6	2	2	2
10	1	"Dark Knight"		48	3000	0	150	155	80	0	240	70	3	0	1	5	400	1400	10	2	200	14	3	0	3	3	3	5
18	1	"Gorgon"		56	6000	0	165	175	100	0	275	82	3	0	1	7	400	1600	150	2	160	14	3	0	6	6	6	6

// Atlans
//===========================================================================================================================================================================================================================================
//Numb	Rate	Name			Level	HP	MP    MinDmg  MaxDmg   Def    MagDef  Attack Success   Move  AttType  Range    View  MoveSpeed AttSpeed	Regen	Attri	ItemR	MoneyR	MaxI ResWind ResPois  ResIce ResWater ResFire
//===========================================================================================================================================================================================================================================
45	1	"Bahamut"		43	2400	0	130	140	65	0	215	52	2	0	1	4	400	1600	8	2	185	14	3	0	1	1	1	1
46	1	"Vepar"			45	2800	0	135	145	70	0	225	58	3	17	4	7	400	1600	8	2	185	14	3	0	2	2	3	2
47	1	"Valkyrie"		46	3200	0	140	150	75	0	230	64	3	0	5	7	400	1800	8	2	185	14	3	0	6	2	2	2
51	1	"Great Bahamut"		66	7000	0	210	230	150	0	330	98	3	0	2	7	400	1600	15	2	175	14	3	0	6	6	6	6
52	1	"Silver Valkyrie"	68	8000	0	230	260	170	0	340	110	3	7	4	7	400	1600	15	2	175	14	3	0	7	7	7	7
48	1	"Lizard King"		70	9000	0	240	270	180	0	350	115	3	3	3	7	400	1600	15	2	175	14	3	0	7	7	7	7
49	1	"Hydra"			74	19000	0	250	310	200	0	430	125	3	150	4	7	400	1400	150	2	175	14	3	0	12	12	12	12

// Lost Tower
//===========================================================================================================================================================================================================================================
//Numb	Rate	Name			Level	HP	MP    MinDmg  MaxDmg   Def    MagDef  Attack Success   Move  AttType  Range    View  MoveSpeed AttSpeed	Regen	Attri	ItemR	MoneyR	MaxI ResWind ResPois  ResIce ResWater ResFire
//===========================================================================================================================================================================================================================================
36	1	"Shadow"		47	2800	0	148	153	78	0	235	67	3	0	1	5	400	1400	30	2	200	14	3	0	3	3	3	5
39	1	"Poison Shadow"		50	3500	0	155	160	85	0	250	73	3	1	1	5	400	1400	10	2	200	14	3	0	6	4	4	6
34	1	"Cursed Wizard"		54	4000	0	160	170	95	0	270	80	3	2	4	7	400	2000	10	2	200	14	3	0	5	5	7	7
41	1	"Death Cow"		57	4500	0	170	180	110	0	285	85	3	0	1	7	400	1600	10	2	200	14	3	0	5	5	5	7
37	1	"Devil"			60	5000	0	180	195	115	0	300	88	3	3	4	7	400	2000	10	2	200	14	3	0	5	5	5	7
40	1	"Death Knight"		62	5500	0	190	200	120	0	310	91	3	0	1	7	400	1800	10	2	200	14	3	0	6	6	6	7
35	1	"Death Gorgon"		64	6000	0	200	210	130	0	320	94	3	150	1	7	400	2000	10	2	180	14	3	0	6	6	6	8
38	1	"Balrog"		66	9000	0	220	240	160	0	330	99	3	150	2	7	400	1600	150	2	160	14	3	0	10	10	10	15

// Tarcan
//=============================================================================================================================--------------------------------------------------------------------------------------------------------------
//Numb	Rate	Name			Level	HP	MP    MinDmg  MaxDmg   Def    MagDef  Attack Success   Move  AttType  Range    View  MoveSpeed AttSpeed	Regen	Attri	ItemR	MoneyR	MaxI ResWind ResPois  ResIce ResWater ResFire
//=============================================================================================================================--------------------------------------------------------------------------------------------------------------
62	1	"Mutant"		72	10000	0	250	280	190	0	365	120	3	0	1	7	400	1400	10	2	170	30	3	0	8	8	8	8
60	1	"Bloody Wolf"		76	13500	0	260	300	200	0	410	130	3	0	2	7	400	1400	10	2	170	30	3	0	8	8	8	8
57	1	"Iron Wheel"		80	17000	0	280	330	215	0	446	150	3	0	4	7	400	1400	10	2	160	30	3	0	9	9	9	9
58	1	"Tantallos"		83	22000	0	335	385	250	0	500	175	3	150	2	7	400	1400	20	2	160	30	3	0	9	9	9	9
61	1	"Vim Knight"		84	25000	0	375	425	275	0	530	190	3	17	4	7	400	1400	20	2	160	30	3	0	10	10	10	10
59	1	"Zaikan"		90	34000	0	510	690	400	0	550	185	3	150	5	7	400	1400	150	2	160	30	3	0	13	13	13	15
63	1	"Deathvim Knight"	93	40000	0	590	750	420	0	575	220	3	150	5	7	400	1400	150	2	130	30	3	0	13	13	13	17

// Icarus
//=============================================================================================================================--------------------------------------------------------------------------------------------------------------
//Numb	Rate	Name			Level	HP	MP    MinDmg  MaxDmg   Def    MagDef  Attack Success   Move  AttType  Range    View  MoveSpeed AttSpeed	Regen	Attri	ItemR	MoneyR	MaxI ResWind ResPois  ResIce ResWater ResFire
//=============================================================================================================================--------------------------------------------------------------------------------------------------------------
69	1	"Aquamos"		75	11500	0	255	290	195	0	385	125	3	17	5	5	400	1400	10	2	160	14	3	0	9	9	11	9
71	1	"Mega Crust"		78	15000	0	270	320	210	0	430	140	3	0	1	5	400	1400	10	2	160	14	3	0	9	9	12	9
70	1	"Queen Rainer"		82	19000	0	305	350	230	0	475	160	3	17	3	5	400	1400	10	2	160	14	3	0	9	11	12	9
73	1	"Drakan"		86	29000	0	425	480	305	0	570	210	3	150	5	5	400	1400	10	2	160	14	3	0	12	12	13	12
74	1	"Alpha Crust"		92	34500	0	489	540	360	0	620	240	3	0	1	5	400	1400	10	2	160	14	3	0	13	13	14	13
72	1	"Phantom Knight"	96	41000	0	560	610	430	0	690	270	3	150	2	5	400	1400	10	2	150	14	3	0	14	14	16	14
75	1	"Gaint Drakan"		100	50000	0	580	640	500	0	820	305	3	150	5	5	400	1400	10	2	140	14	3	0	15	15	17	18
76	1	"Dark Phoenix Shield"	111	73000	0	850	960	580	0	840	305	3	3	3	5	400	1400	10	2	190	14	3	0	30	30	35	30
77	1	"Phoenix of Darkness"	113	95000	0	950	1000	600	0	900	350	1	150	6	7	400	1500	150	2	120	14	4	0	30	30	35	30

// Arena
//=============================================================================================================================--------------------------------------------------------------------------------------------------------------
//Numb	Rate	Name			Level	HP	MP    MinDmg  MaxDmg   Def    MagDef  Attack Success   Move  AttType  Range    View  MoveSpeed AttSpeed	Regen	Attri	ItemR	MoneyR	MaxI ResWind ResPois  ResIce ResWater ResFire
//=============================================================================================================================--------------------------------------------------------------------------------------------------------------
200	1	"Stadium Ball"		12	1000	0	150	200	0	0	60	500	0	0	4	1	500	1000	3	1	200	10	0	0	0	0	0	0

// Devil Square
//=============================================================================================================================--------------------------------------------------------------------------------------------------------------
//Numb	Rate	Name			Level	HP	MP    MinDmg  MaxDmg   Def    MagDef  Attack Success   Move  AttType  Range    View  MoveSpeed AttSpeed	Regen	Attri	ItemR	MoneyR	MaxI ResWind ResPois  ResIce ResWater ResFire
//=============================================================================================================================--------------------------------------------------------------------------------------------------------------
64	1	"Orc Archer"		70	10000	0	220	250	170	0	350	115	3	0	4	7	400	1600	10	2	200	14	3	0	7	7	7	7
65	1	"Elite Orc"		74	14000	0	250	280	190	0	400	125	3	150	1	7	400	2000	100	2	180	14	3	0	8	8	8	8
67	1	"Metal Barlog"		77	22000	0	300	340	220	0	385	150	3	150	2	7	400	1600	200	2	160	14	3	0	9	9	9	9
66	1	"Cursed King"		86	32000	0	420	470	300	0	525	200	3	150	4	7	400	1400	70	2	200	30	3	0	17	17	17	17
434	1	"Gigantis"              98	40000	0	460	500	400	0	715	250	3	0	2	7	500	1500	10	2	135	0	3	0	25	25	25	25																									
435	1	"Berserk"		100	45000	0	480	530	400	0	1000	360	3	0	2	7	800	1700	10	2	110	0	4	0	50	50	50	50																							
438	1	"Persona"	        118	50000	0	520	560	500	0	1190	485	3	0	5	7	500	1600	10	2	130	0	4	0	29	29	29	29																								
439	1	"Dreadfear"	        119	55000	0	550	580	600	0	1015	905	3	0	2	5	500	1500	10	2	130	0	3	0	27	27	27	27																								
436	1	"Balram (Trainee)"      134	55000	0	570	620	530	0	1500	370	6	0	7	7	700	1700	10	2	150	14	3	0	23	23	23	23																									
437	1	"Soram (Trainee)"	134	60000	0	570	620	530	0	1500	397	6	0	4	7	700	1700	10	2	150	14	3	0	25	25	25	25																								
440	1	"Dark Elf"	        191	65000	0	600	730	650	0	1500	370	6	0	6	10	700	1700	10	2	150	14	3	23	23	23	23	23																								

// Blood Castle NPC
//=============================================================================================================================--------------------------------------------------------------------------------------------------------------
//Numb	Rate	Name			Level	HP	MP    MinDmg  MaxDmg   Def    MagDef  Attack Success   Move  AttType  Range    View  MoveSpeed AttSpeed	Regen	Attri	ItemR	MoneyR	MaxI ResWind ResPois  ResIce ResWater ResFire
//=============================================================================================================================--------------------------------------------------------------------------------------------------------------
131	1	"Castle gate"		0	2000	0	0	0	0	0	0	0	0	0	0	0	0	0	0	0	0	0	0	0	100	100	100	100
132	1	"Statue of Saint"	0	3000	0	0	0	0	0	0	0	0	0	0	0	0	0	0	0	0	0	0	0	100	100	100	100
133	1	"Statue of Saint"	0	3000	0	0	0	0	0	0	0	0	0	0	0	0	0	0	0	0	0	0	0	100	100	100	100
134	1	"Statue of Saint"	0	3000	0	0	0	0	0	0	0	0	0	0	0	0	0	0	0	0	0	0	0	100	100	100	100

// Blood Castle 1
//=============================================================================================================================--------------------------------------------------------------------------------------------------------------
//Numb	Rate	Name			Level	HP	MP    MinDmg  MaxDmg   Def    MagDef  Attack Success   Move  AttType  Range    View  MoveSpeed AttSpeed	Regen	Attri	ItemR	MoneyR	MaxI ResWind ResPois  ResIce ResWater ResFire
//=============================================================================================================================--------------------------------------------------------------------------------------------------------------
84	1	"King Orc"		33	1100	0	100	120	55	0	190	45	3	0	1	3	400	2000	10	2	300	200	3	0	0	0	0	0
85	1	"Orc Archer"		37	1400	0	110	130	65	0	210	49	3	0	5	7	400	1600	10	2	300	200	3	0	0	0	0	0
86	1	"Spirit Soldier"	41	1700	0	120	140	75	0	230	61	3	0	1	3	400	2000	10	2	250	150	3	0	0	0	0	0
87	1	"Spirit Beast"		44	2100	0	130	150	85	0	250	73	3	17	5	7	400	1600	10	2	250	150	3	0	0	0	0	0
88	1	"Spirit Knight"		47	2800	0	140	160	95	0	270	77	3	0	1	3	400	2000	10	2	200	100	3	0	0	0	0	0
89	1	"Spirit Sorcerer"	51	3700	0	150	180	115	0	300	88	4	150	4	6	400	1600	10	2	150	50	4	0	3	3	3	3

// Blood Castle 2
//=============================================================================================================================--------------------------------------------------------------------------------------------------------------
//Numb	Rate	Name			Level	HP	MP    MinDmg  MaxDmg   Def    MagDef  Attack Success   Move  AttType  Range    View  MoveSpeed AttSpeed	Regen	Attri	ItemR	MoneyR	MaxI ResWind ResPois  ResIce ResWater ResFire
//=============================================================================================================================--------------------------------------------------------------------------------------------------------------
90	1	"King Orc"		49	3500	0	140	170	90	0	250	76	3	0	1	3	400	2000	10	2	300	200	3	0	1	1	1	1
91	1	"Orc Archer"		53	4100	0	150	180	100	0	275	80	3	0	5	7	400	1600	10	2	300	200	3	0	1	1	1	1
92	1	"Spirit Soldier"	56	5000	0	160	190	115	0	300	88	3	0	1	3	400	2000	10	2	250	150	3	0	1	1	1	1
93	1	"Spirit Beast"		60	6000	0	175	210	130	0	320	95	3	17	5	7	400	1600	10	2	250	150	3	0	1	1	1	1
94	1	"Spirit Knight"		64	7000	0	185	220	170	0	360	110	3	0	1	3	400	2000	10	2	200	100	3	0	1	1	1	1
95	1	"Spirit Sorcerer"	69	8000	0	200	240	190	0	400	130	4	150	4	6	400	1800	10	2	150	50	4	0	4	4	4	4

// Blood Castle 3
//=============================================================================================================================--------------------------------------------------------------------------------------------------------------
//Numb	Rate	Name			Level	HP	MP    MinDmg  MaxDmg   Def    MagDef  Attack Success   Move  AttType  Range    View  MoveSpeed AttSpeed	Regen	Attri	ItemR	MoneyR	MaxI ResWind ResPois  ResIce ResWater ResFire
//=============================================================================================================================--------------------------------------------------------------------------------------------------------------
96	1	"King Orc"		56	5000	0	160	180	110	0	300	85	3	0	1	3	400	2000	10	2	300	200	3	0	2	2	2	2
97	1	"Orc Archer"		61	6500	0	180	200	120	0	330	93	3	0	5	7	400	1600	10	2	300	200	3	0	2	2	2	2
98	1	"Spirit Soldier"	66	8000	0	190	220	150	0	360	98	3	0	1	3	400	2000	10	2	250	150	3	0	2	2	2	2
99	1	"Spirit Beast"		70	9500	0	210	240	180	0	400	115	3	17	5	7	400	1600	10	2	250	150	3	0	2	2	2	2
111	1	"Spirit Knight"		74	12000	0	220	260	190	0	440	130	3	0	1	3	400	2000	10	2	200	100	3	0	2	2	2	2
112	1	"Spirit Sorcerer"	79	15000	0	230	280	240	0	500	180	4	150	4	6	400	1800	10	2	150	50	4	0	5	5	5	5

// Blood Castle 4
//=============================================================================================================================--------------------------------------------------------------------------------------------------------------
//Numb	Rate	Name			Level	HP	MP    MinDmg  MaxDmg   Def    MagDef  Attack Success   Move  AttType  Range    View  MoveSpeed AttSpeed	Regen	Attri	ItemR	MoneyR	MaxI ResWind ResPois  ResIce ResWater ResFire
//=============================================================================================================================--------------------------------------------------------------------------------------------------------------
113	1	"King Orc"		64	7500	0	180	220	150	0	340	98	3	0	1	3	400	2000	10	2	300	200	3	0	4	4	4	4
114	1	"Orc Archer"		69	9500	0	200	240	170	0	380	110	3	0	5	7	400	1600	10	2	300	200	3	0	4	4	4	4
115	1	"Spirit Soldier"	75	12000	0	220	260	190	0	440	130	3	0	1	3	400	2000	10	2	250	150	3	0	4	4	4	4
116	1	"Spirit Beast"		79	15000	0	250	290	210	0	500	150	3	17	5	7	400	1600	10	2	250	150	3	0	4	4	4	4
117	1	"Spirit Knight"		82	18000	0	270	320	290	0	560	170	3	0	1	3	400	2000	10	2	200	100	3	0	4	4	4	4
118	1	"Spirit Sorcerer"	84	24000	0	300	350	360	0	640	200	4	150	4	6	400	1800	10	2	150	50	4	0	7	7	7	7

// Blood Castle 5
//=============================================================================================================================--------------------------------------------------------------------------------------------------------------
//Numb	Rate	Name			Level	HP	MP    MinDmg  MaxDmg   Def    MagDef  Attack Success   Move  AttType  Range    View  MoveSpeed AttSpeed	Regen	Attri	ItemR	MoneyR	MaxI ResWind ResPois  ResIce ResWater ResFire
//=============================================================================================================================--------------------------------------------------------------------------------------------------------------
119	1	"King Orc"		70	12000	0	210	270	185	0	380	125	3	0	1	3	400	2000	10	2	300	200	3	0	5	5	5	5
120	1	"Orc Archer"		75	15000	0	240	300	190	0	420	130	3	0	5	7	400	1600	10	2	300	200	3	0	5	5	5	5
121	1	"Spirit Soldier"	80	19000	0	280	340	220	0	470	175	3	0	1	3	400	2000	10	2	250	150	3	0	5	5	5	5
122	1	"Spirit Beast"		85	23000	0	340	390	300	0	520	190	3	17	5	7	400	1600	10	2	250	150	3	0	5	5	5	5
123	1	"Spirit Knight"		87	26000	0	370	410	400	0	650	200	3	0	1	3	400	2000	10	2	200	100	3	0	5	5	5	5
124	1	"Spirit Sorcerer"	90	32000	0	400	460	450	0	720	260	4	150	4	6	400	1800	10	2	150	50	4	0	8	8	8	8

// Blood Castle 6
//=============================================================================================================================--------------------------------------------------------------------------------------------------------------
//Numb	Rate	Name			Level	HP	MP    MinDmg  MaxDmg   Def    MagDef  Attack Success   Move  AttType  Range    View  MoveSpeed AttSpeed	Regen	Attri	ItemR	MoneyR	MaxI ResWind ResPois  ResIce ResWater ResFire
//=============================================================================================================================--------------------------------------------------------------------------------------------------------------
125	1	"King Orc"		76	17000	0	260	290	210	0	460	150	3	0	1	3	400	2000	10	2	300	200	3	0	6	6	6	6
126	1	"Orc Archer"		81	20000	0	320	350	270	0	520	160	3	0	5	7	400	1600	10	2	300	200	3	0	6	6	6	6
127	1	"Spirit Soldier"	86	25000	0	390	420	360	0	580	195	3	0	1	3	400	2000	10	2	250	150	3	0	6	6	6	6
128	1	"Spirit Beast"		90	32000	0	440	500	400	0	660	230	3	17	5	7	400	1600	10	2	250	150	3	0	6	6	6	6
129	1	"Spirit Knight"		94	38000	0	480	540	450	0	720	260	3	0	1	3	400	2000	10	2	200	100	3	0	6	6	6	6
130	1	"Spirit Sorcerer"	99	47000	0	530	580	500	0	840	280	4	150	4	6	400	1800	10	2	150	50	4	0	9	9	9	9

// Blood Castle 7
//=============================================================================================================================--------------------------------------------------------------------------------------------------------------
//Numb	Rate	Name			Level	HP	MP    MinDmg  MaxDmg   Def    MagDef  Attack Success   Move  AttType  Range    View  MoveSpeed AttSpeed	Regen	Attri	ItemR	MoneyR	MaxI ResWind ResPois  ResIce ResWater ResFire
//=============================================================================================================================--------------------------------------------------------------------------------------------------------------
138	1	"King Orc"		85	23000	0	340	390	340	0	520	190	3	0	1	3	400	2000	10	2	300	200	3	0	7	7	7	7
139	1	"Orc Archer"		87	26000	0	390	430	380	0	590	200	3	0	5	7	400	1600	10	2	300	200	3	0	7	7	7	7
140	1	"Spirit Soldier"	90	32000	0	430	480	400	0	660	230	3	0	1	3	400	2000	10	2	250	150	3	0	7	7	7	7
141	1	"Spirit Beast"		93	37000	0	470	520	440	0	730	250	3	17	5	7	400	1600	10	2	250	150	3	0	7	7	7	7
142	1	"Spirit Knight"		98	45000	0	510	560	490	0	800	270	3	0	1	3	400	2000	10	2	200	100	3	0	7	7	7	7
143	1	"Spirit Sorcerer"	102	55000	0	560	600	550	0	870	310	4	150	4	6	400	1800	10	2	150	50	4	0	10	10	10	10

// Blood Castle 8
//=============================================================================================================================--------------------------------------------------------------------------------------------------------------
//Numb	Rate	Name			Level	HP	MP    MinDmg  MaxDmg   Def    MagDef  Attack Success   Move  AttType  Range    View  MoveSpeed AttSpeed	Regen	Attri	ItemR	MoneyR	MaxI ResWind ResPois  ResIce ResWater ResFire
//=============================================================================================================================--------------------------------------------------------------------------------------------------------------
428	1	"Orc Warrior"		93	33000	0	400	430	400	0	680	200	3	0	1	3	400	2000	10	2	300	200	3	0	8	8	8	8
429	1	"Orc Archer"		95	37000	0	430	460	430	0	730	230	3	0	5	7	400	1600	10	2	300	200	3	0	8	8	8	8
430	1	"Elite Or"		98	42000	0	460	490	460	0	760	250	3	0	1	3	400	2000	10	2	250	150	3	0	8	8	8	8
431	1	"Spirit Beast"		101	50000	0	490	520	490	0	800	270	3	17	5	7	400	1600	10	2	250	150	3	0	8	8	8	8
432	1	"Spirit Knight"	        105	55000	0	520	550	520	0	850	300	3	0	1	3	400	2000	10	2	200	100	3	0	8	8	8	8
433	1	"Spirit Sorcerer"	111	61000	0	550	580	580	0	900	330	4	150	4	6	400	1800	10	2	150	50	4	0	11	11	11	1

// Chaos Castle
//=============================================================================================================================--------------------------------------------------------------------------------------------------------------
//Numb	Rate	Name			Level	HP	MP    MinDmg  MaxDmg   Def    MagDef  Attack Success   Move  AttType  Range    View  MoveSpeed AttSpeed	Regen	Attri	ItemR	MoneyR	MaxI ResWind ResPois  ResIce ResWater ResFire
//=============================================================================================================================--------------------------------------------------------------------------------------------------------------
162	1	"Chaos Castle 1"	30	700	0	70	90	30	0	160	20	50	0	1	7	400	2000	10	2	300	200	3	0	0	0	0	0
163	1	"Chaos Castle 2"	32	800	0	80	100	40	0	180	30	50	17	6	7	400	1600	10	2	300	200	3	0	0	0	0	0
164	1	"Chaos Castle 3"	40	1600	0	110	130	70	0	225	60	50	0	1	7	400	2000	10	2	300	200	3	0	1	1	1	1
165	1	"Chaos Castle 4"	45	2700	0	130	150	90	0	250	70	50	17	6	7	400	1600	10	2	300	200	3	0	1	1	1	1
166	1	"Chaos Castle 5"	54	4000	0	140	160	100	0	270	80	50	0	1	7	400	2000	10	2	300	200	3	0	2	2	2	2
167	1	"Chaos Castle 6"	60	5000	0	150	170	120	0	290	90	50	17	6	7	400	1600	10	2	300	200	3	0	2	2	2	2
168	1	"Chaos Castle 7"	65	6500	0	170	190	140	0	320	110	50	0	1	7	400	2000	10	2	300	200	3	0	4	4	4	4
169	1	"Chaos Castle 8"	68	8000	0	190	210	160	0	350	120	50	17	6	7	400	1600	10	2	300	200	3	0	4	4	4	4
170	1	"Chaos Castle 9"	70	10000	0	210	230	170	0	370	120	50	0	1	7	400	2000	10	2	300	200	3	0	5	5	5	5
171	1	"Chaos Castle 10"	75	12500	0	230	250	190	0	400	130	50	17	6	7	400	1600	10	2	300	200	3	0	5	5	5	5
172	1	"Chaos Castle 11"	76	15000	0	250	270	210	0	430	140	50	0	1	7	400	2000	10	2	300	200	3	0	6	6	6	6
173	1	"Chaos Castle 12"	80	18000	0	270	290	240	0	470	150	50	17	6	7	400	1600	10	2	300	200	3	0	6	6	6	6

// Kalima Gates
//=============================================================================================================================--------------------------------------------------------------------------------------------------------------
//Numb	Rate	Name			Level	HP	MP    MinDmg  MaxDmg   Def    MagDef  Attack Success   Move  AttType  Range    View  MoveSpeed AttSpeed	Regen	Attri	ItemR	MoneyR	MaxI ResWind ResPois  ResIce ResWater ResFire
//=============================================================================================================================--------------------------------------------------------------------------------------------------------------
152	1	"Magic stone of %s"	10	50	0	0	0	0	0	0	0	0	0	0	0	0	0	0	2	0	0	0	0	0	0	0	0
153	1	"Magic stone of %s"	10	50	0	0	0	0	0	0	0	0	0	0	0	0	0	0	2	0	0	0	0	0	0	0	0
154	1	"Magic stone of %s"	10	50	0	0	0	0	0	0	0	0	0	0	0	0	0	0	2	0	0	0	0	0	0	0	0
155	1	"Magic stone of %s"	10	50	0	0	0	0	0	0	0	0	0	0	0	0	0	0	2	0	0	0	0	0	0	0	0
156	1	"Magic stone of %s"	10	50	0	0	0	0	0	0	0	0	0	0	0	0	0	0	2	0	0	0	0	0	0	0	0
157	1	"Magic stone of %s"	10	50	0	0	0	0	0	0	0	0	0	0	0	0	0	0	2	0	0	0	0	0	0	0	0
158	1	"Magic stone of %s"	10	50	0	0	0	0	0	0	0	0	0	0	0	0	0	0	2	0	0	0	0	0	0	0	0

// Kalima 1
//=============================================================================================================================--------------------------------------------------------------------------------------------------------------
//Numb	Rate	Name			Level	HP	MP    MinDmg  MaxDmg   Def    MagDef  Attack Success   Move  AttType  Range    View  MoveSpeed AttSpeed	Regen	Attri	ItemR	MoneyR	MaxI ResWind ResPois  ResIce ResWater ResFire
//=============================================================================================================================--------------------------------------------------------------------------------------------------------------
144	1	"Death Angel"		34	1550	0	115	130	50	0	185	49	3	17	6	7	500	1500	10	2	80	0	3	0	11	11	11	11
145	1	"Death Centurion"	43	2300	0	135	150	70	0	225	62	3	17	6	7	500	1500	10	2	70	0	3	0	13	13	13	13
146	1	"Bloody soldier"	32	1250	0	105	125	45	0	168	44	3	17	6	7	500	1500	10	2	90	0	3	0	10	10	10	10
147	1	"Aegis"			27	990	0	95	114	39	0	145	39	3	17	1	7	500	1500	10	2	100	0	3	0	8	8	8	8
148	1	"Lord centurion"	29	1100	0	100	120	41	0	155	41	3	17	2	5	500	1500	10	2	100	0	3	0	9	9	9	9
149	1	"Necron"		38	1950	0	125	140	59	0	205	53	3	17	2	5	500	1500	10	2	80	0	3	0	12	12	12	12
160	1	"Schriker"		50	3200	0	155	174	90	0	260	78	3	17	6	7	500	1600	10	2	70	0	4	0	14	14	14	14
161	1	"Illusion Kundun"	65	15000	0	200	400	150	0	300	100	3	150	10	7	800	1700	3600	2	100	0	4	0	30	30	30	30

// Kalima 2
//=============================================================================================================================--------------------------------------------------------------------------------------------------------------
//Numb	Rate	Name			Level	HP	MP    MinDmg  MaxDmg   Def    MagDef  Attack Success   Move  AttType  Range    View  MoveSpeed AttSpeed	Regen	Attri	ItemR	MoneyR	MaxI ResWind ResPois  ResIce ResWater ResFire
//=============================================================================================================================--------------------------------------------------------------------------------------------------------------
174	1	"Death Angel"		50	3200	0	155	170	90	0	260	74	3	17	6	7	500	1500	10	2	80	0	3	0	14	14	14	14
175	1	"Death Centurion"	58	4900	0	180	200	117	0	310	91	3	17	6	7	500	1500	10	2	70	0	3	0	16	16	16	16
176	1	"Bloody soldier"	47	2700	0	145	160	81	0	245	67	3	17	6	7	500	1500	10	2	90	0	3	0	13	13	13	13
177	1	"Aegis"			42	2050	0	135	150	68	0	220	54	3	17	1	7	500	1500	10	2	100	0	3	0	11	11	11	11
178	1	"Lord centurion"	44	2350	0	140	155	75	0	230	60	3	17	2	5	500	1500	10	2	100	0	3	0	12	12	12	12
179	1	"Necron"		53	3900	0	167	180	100	0	280	81	3	17	2	5	500	1500	10	2	80	0	3	0	15	15	15	15
180	1	"Schriker"		65	8450	0	205	230	145	0	335	100	3	17	6	7	500	1600	10	2	70	0	4	0	17	17	17	17
181	1	"Illusion Kundun"	80	30000	0	400	600	200	0	400	150	3	150	10	7	800	1700	3600	2	100	0	4	0	35	35	35	35

// Kalima 3
//=============================================================================================================================--------------------------------------------------------------------------------------------------------------
//Numb	Rate	Name			Level	HP	MP    MinDmg  MaxDmg   Def    MagDef  Attack Success   Move  AttType  Range    View  MoveSpeed AttSpeed	Regen	Attri	ItemR	MoneyR	MaxI ResWind ResPois  ResIce ResWater ResFire
//=============================================================================================================================--------------------------------------------------------------------------------------------------------------
182	1	"Death Angel"		65	6750	0	205	240	145	0	350	107	3	17	6	7	500	1500	10	2	80	0	3	0	17	17	17	17
183	1	"Death Centurion"	73	11600	0	260	310	198	0	406	129	3	17	6	7	500	1500	10	2	70	0	3	0	19	19	19	19
184	1	"Bloody soldier"	62	5730	0	190	215	130	0	330	99	3	17	6	7	500	1500	10	2	90	0	3	0	16	16	16	16
185	1	"Aegis"			57	4800	0	170	190	115	0	295	90	3	17	1	7	500	1500	10	2	100	0	3	0	14	14	14	14
186	1	"Lord centurion"	59	5110	0	180	200	120	0	315	95	3	17	2	5	500	1500	10	2	100	0	3	0	15	15	15	15
187	1	"Necron"		68	8450	0	230	275	170	0	375	117	3	17	2	5	500	1500	10	2	80	0	3	0	18	18	18	18
188	1	"Schriker"		80	17500	0	335	355	225	0	465	155	3	17	6	7	500	1600	10	2	70	0	4	0	20	20	20	20
189	1	"Illusion Kundun"	95	60000	0	600	800	400	0	600	200	3	150	10	7	800	1700	3600	2	100	0	4	0	40	40	40	40

// Kalima 4
//=============================================================================================================================--------------------------------------------------------------------------------------------------------------
//Numb	Rate	Name			Level	HP	MP    MinDmg  MaxDmg   Def    MagDef  Attack Success   Move  AttType  Range    View  MoveSpeed AttSpeed	Regen	Attri	ItemR	MoneyR	MaxI ResWind ResPois  ResIce ResWater ResFire
//=============================================================================================================================--------------------------------------------------------------------------------------------------------------
190	1	"Death Angel"		80	17500	0	335	370	235	0	465	155	3	17	6	7	500	1500	10	2	80	0	3	0	20	20	20	20
191	1	"Death Centurion"	88	32000	0	460	530	330	0	610	215	3	17	6	7	500	1500	10	2	70	0	3	0	22	22	22	22
192	1	"Bloody soldier"	77	14000	0	295	330	215	0	430	140	3	17	6	7	500	1500	10	2	90	0	3	0	19	19	19	19
193	1	"Aegis"			72	10000	0	245	290	190	0	390	125	3	17	1	7	500	1500	10	2	100	0	3	0	17	17	17	17
194	1	"Lord centurion"	74	11700	0	265	310	200	0	410	130	3	17	2	5	500	1500	10	2	100	0	3	0	18	18	18	18
195	1	"Necron"		83	23000	0	390	420	275	0	530	180	3	17	2	5	500	1500	10	2	80	0	3	0	21	21	21	21
196	1	"Schriker"		95	43000	0	530	640	415	0	700	255	3	17	6	7	500	1600	10	2	70	0	4	0	23	23	23	23
197	1	"Illusion Kundun"	110	80000	0	800	1000	600	0	800	300	3	150	10	7	800	1700	3600	2	100	0	4	0	45	45	45	45

// Kalima 5
//=============================================================================================================================--------------------------------------------------------------------------------------------------------------
//Numb	Rate	Name			Level	HP	MP    MinDmg  MaxDmg   Def    MagDef  Attack Success   Move  AttType  Range    View  MoveSpeed AttSpeed	Regen	Attri	ItemR	MoneyR	MaxI ResWind ResPois  ResIce ResWater ResFire
//=============================================================================================================================--------------------------------------------------------------------------------------------------------------
260	1	"Death Angel"		95	43000	0	530	630	415	0	720	262	3	17	6	7	500	1500	10	2	80	0	3	20	23	23	23	23
261	1	"Death Centurion"	103	58000	0	640	742	525	0	880	315	3	17	6	7	500	1500	10	2	70	0	3	0	25	25	25	25
262	1	"Bloody soldier"	92	36500	0	490	586	370	0	670	245	3	17	6	7	500	1500	10	2	90	0	3	0	22	22	22	22
263	1	"Aegis"			87	29000	0	450	510	325	0	600	220	3	17	1	7	500	1500	10	2	100	0	3	17	20	20	20	20
264	1	"Lord centurion"	89	32000	0	470	550	340	0	625	230	3	17	2	5	500	1500	10	2	100	0	3	0	21	21	21	21
265	1	"Necron"		98	50000	0	575	690	455	0	790	285	3	17	2	5	500	1500	10	2	80	0	3	21	24	24	24	24
266	1	"Schriker"		111	68500	0	740	810	615	0	960	365	3	17	6	7	500	1600	10	2	70	0	4	23	26	26	26	26
267	1	"Illusion Kundun"	135	200000	0	1350	1600	800	0	1150	800	3	150	10	7	800	1700	3600	2	100	0	4	0	50	50	50	50

// Kalima 6
//=============================================================================================================================--------------------------------------------------------------------------------------------------------------
//Numb	Rate	Name			Level	HP	MP    MinDmg  MaxDmg   Def    MagDef  Attack Success   Move  AttType  Range    View  MoveSpeed AttSpeed	Regen	Attri	ItemR	MoneyR	MaxI ResWind ResPois  ResIce ResWater ResFire
//=============================================================================================================================--------------------------------------------------------------------------------------------------------------
268	1	"Death Angel"		115	80000	0	750	850	630	0	1000	370	3	17	6	7	500	1500	10	2	80	0	3	20	26	26	26	26
269	1	"Death Centurion"	116	98500	0	900	1017	740	0	1100	423	3	17	6	7	500	1500	10	2	70	0	3	0	28	28	28	28
270	1	"Bloody soldier"	110	73000	0	705	801	585	0	1000	345	3	17	6	7	500	1500	10	2	90	0	3	0	25	25	25	25
271	1	"Aegis"			108	62000	0	645	705	540	0	1000	320	3	17	1	7	500	1500	10	2	100	0	3	17	23	23	23	23
272	1	"Lord centurion"	120	66500	0	665	745	555	0	1000	330	3	17	2	5	500	1500	10	2	100	0	3	0	24	24	24	24
273	1	"Necron"		114	88000	0	815	930	670	0	1070	393	3	17	2	5	500	1500	10	2	80	0	3	21	27	27	27	27
274	1	"Schriker"		125	135000	0	1020	1120	830	0	1140	473	3	17	6	7	500	1600	10	2	70	0	4	23	29	29	29	29
338	1	"Relics of Kundun"	150	260000	0	1500	1600	1050	0	1300	780	3	150	2	7	400	1400	7200	2	160	14	3	0	1500	1500	1500	1500

// Kalima 7
//=============================================================================================================================--------------------------------------------------------------------------------------------------------------
//Numb	Rate	Name			Level	HP	MP    MinDmg  MaxDmg   Def    MagDef  Attack Success   Move  AttType  Range    View  MoveSpeed AttSpeed	Regen	Attri	ItemR	MoneyR	MaxI ResWind ResPois  ResIce ResWater ResFire
//=============================================================================================================================--------------------------------------------------------------------------------------------------------------
331	1	"Aegis"			128	170000	0	950	1150	650	0	1170	650	3	17	1	7	500	1500	10	2	100	0	3	17	23	23	23	23
332	1	"Lord Centurion"	131	185000	0	965	1200	680	0	1170	670	3	17	2	5	500	1500	10	2	100	0	3	0	24	24	24	24
333	1	"Bloody Soldier"	132	200000	0	1025	1280	725	0	1170	700	3	17	6	7	500	1500	10	2	90	0	3	0	25	25	25	25
334	1	"Death Angel"		132	225000	0	1120	1450	780	0	1170	740	3	17	6	7	500	1500	10	2	80	0	3	20	26	26	26	26
335	1	"Necron"		130	240000	0	1200	1520	850	0	1240	780	3	17	2	5	500	1500	10	2	80	0	3	21	27	27	27	27
336	1	"Death Centurion"	135	265000	0	1350	1680	950	0	1280	820	3	17	6	7	500	1500	10	2	70	0	3	0	28	28	28	28
337	1	"Schriker"		140	310000	0	1600	1850	1000	0	1350	875	3	17	6	7	500	1600	10	2	70	0	4	23	29	29	29	29
275	1	"Kundun Demon"		199	3000000	0	14600	19000	2400	0	3600	11300	3	150	2	7	400	1400	21600	2	160	14	3	0	5000	5000	5000	5000

// Golden Monsters
//=============================================================================================================================--------------------------------------------------------------------------------------------------------------
//Numb	Rate	Name			Level	HP	MP    MinDmg  MaxDmg   Def    MagDef  Attack Success   Move  AttType  Range    View  MoveSpeed AttSpeed	Regen	Attri	ItemR	MoneyR	MaxI ResWind ResPois  ResIce ResWater ResFire
//=============================================================================================================================--------------------------------------------------------------------------------------------------------------
42	1	"Large Red Dragon"	120	350000	0	800	920	300	0	550	1200	3	150	3	10	800	2000	3600	2	100	0	4	0	100	254	100	100
44	1	"Red Dragon"		90	250000	0	480	600	250	0	500	800	3	150	2	7	400	1800	100	2	50	10	0	0	9	7	9	9
43	1	"Golden Budge Dragon"	15	7500	0	120	125	45	0	75	30	3	0	1	7	400	1400	600	2	10	10	0	0	2	2	2	2
55	1	"Death King"		55	25000	0	300	480	250	0	280	150	2	0	2	6	400	1800	20	2	200	14	3	0	2	2	2	2
56	1	"Death Bone"		35	1000	0	100	140	29	0	120	29	3	0	1	5	400	1600	20	2	200	14	4	0	1	1	1	1
78	1	"Golden Goblin"		120	20000	0	440	520	180	0	450	1200	3	0	1	7	400	1400	600	2	10	10	0	0	2	2	2	2
53	1	"Golden Titan"		140	100000	0	650	780	300	0	550	2000	3	150	2	7	400	2000	20	2	200	14	3	0	5	5	5	5
54	1	"Golden Solider"	46	5000	0	140	150	75	0	230	200	3	0	5	7	400	1800	20	2	200	14	3	0	3	3	3	3
79	1	"Golden Dragon"		165	300000	0	1280	1480	500	0	800	2800	3	150	2	7	400	1800	5	2	50	10	0	0	9	7	9	9
80	1	"Golden LIZARD"		175	750000	0	3200	4200	650	0	1000	3200	3	3	4	7	400	1600	8	2	185	14	3	0	20	10	10	20
81	1	"Golden Vepar"		85	10000	0	1200	1400	240	0	415	150	3	17	3	7	400	1600	15	2	175	14	3	0	9	7	9	9
82	1	"Golden Tantallos"	185	1000000	0	4900	6400	800	0	1200	3800	3	150	2	7	400	1400	70	2	180	30	3	0	100	20	20	100
83	1	"Golden wheel"		105	15000	0	1800	2200	230	0	600	160	3	0	4	7	400	1400	70	2	180	30	3	0	9	7	9	9
150	1	"Bali"			52	7000	0	165	170	100	0	260	75	3	0	1	7	400	1600	100	2	160	10	3	0	6	6	6	6
151	1	"Gold Warrior"		75	9000	0	480	520	110	0	400	120	3	0	4	7	400	1600	100	2	160	10	3	0	6	6	6	6

// White Wizard
//=============================================================================================================================--------------------------------------------------------------------------------------------------------------
//Numb	Rate	Name			Level	HP	MP    MinDmg  MaxDmg   Def    MagDef  Attack Success   Move  AttType  Range    View  MoveSpeed AttSpeed	Regen	Attri	ItemR	MoneyR	MaxI ResWind ResPois  ResIce ResWater ResFire
//=============================================================================================================================--------------------------------------------------------------------------------------------------------------
135	1	"White Wizard"		120	50000	0	700	820	250	0	450	1500	4	3	5	6	400	2200	10	2	150	50	4	0	15	15	20	15
136	1	"Destructive soldier"	70	80000	0	210	240	300	0	400	800	3	0	1	3	400	1500	10	2	300	200	3	0	7	7	7	7
137	1	"Destructive archer"	74	60000	0	220	260	260	0	440	600	3	0	5	5	400	1800	10	2	300	200	3	0	8	8	8	8

// Traps
//=============================================================================================================================--------------------------------------------------------------------------------------------------------------
//Numb	Rate	Name			Level	HP	MP    MinDmg  MaxDmg   Def    MagDef  Attack Success   Move  AttType  Range    View  MoveSpeed AttSpeed	Regen	Attri	ItemR	MoneyR	MaxI ResWind ResPois  ResIce ResWater ResFire
//=============================================================================================================================--------------------------------------------------------------------------------------------------------------																											
100	1	"Lance"			80	1000	0	100	110	0	0	400	500	0	0	4	1	500	1000	3	1	200	10	0	0	0	0	0	0
101	1	"Iron Stick"		80	1000	0	110	130	0	0	400	500	0	0	0	1	500	1000	3	1	200	10	0	0	0	0	0	0
102	1	"Fire"			80	1000	0	130	150	0	0	400	500	0	0	2	1	500	1000	3	1	200	10	0	0	0	0	0	0
103	1	"Meteorite"		90	1000	0	160	190	0	0	450	500	0	50	0	1	500	1000	3	1	200	10	0	0	0	0	0	0
104	1	"Trap"			2	50	0	500	600	0	0	800	30	0	50	0	1	0	1000	0	0	0	0	0	0	0	0	0	0
105	1	"Cannon Trap"		80	1000	0	850	1200	0	0	1000	500	0	0	4	2	500	1000	3	1	200	10	0	0	0	0	0	0
106	1	"Laser Trap"		80	1000	0	1200	1800	0	0	1200	500	0	0	1	1	500	1000	3	1	200	10	0	0	0	0	0	0

// NPCs
//=============================================================================================================================--------------------------------------------------------------------------------------------------------------
//Numb	Rate	Name			Level	HP	MP    MinDmg  MaxDmg   Def    MagDef  Attack Success   Move  AttType  Range    View  MoveSpeed AttSpeed	Regen	Attri	ItemR	MoneyR	MaxI ResWind ResPois  ResIce ResWater ResFire
//=============================================================================================================================--------------------------------------------------------------------------------------------------------------
226	1	"Trainer"		2	50	0	15	30	70	20	10	30	0	0	0	5	400	1500	10	0	200	10	0	0	0	0	0	0
229	1	"Malron"		2	50	0	15	30	70	20	10	30	0	0	0	5	400	1500	10	0	200	10	0	0	0	0	0	0
230	1	"Alex"			2	50	0	15	30	70	20	10	30	0	0	0	5	400	1500	10	0	200	10	0	0	0	0	0	0
231	1	"Thomson Cannel"	2	50	0	15	30	70	20	10	30	0	0	0	5	400	1500	10	0	200	10	0	0	0	0	0	0
232	1	"Archangel"		2	50	0	15	30	70	20	10	30	0	0	0	5	400	1500	10	0	200	10	0	0	0	0	0	0
233	1	"Spirit of Archangel"	2	50	0	15	30	70	20	10	30	0	0	0	5	400	1500	10	0	200	10	0	0	0	0	0	0
234	1	"Goblin Gate"		2	50	0	15	30	70	20	10	30	0	0	0	5	400	1500	10	0	200	10	0	0	0	0	0	0
235	1	"Priest Sevina"		2	50	0	15	30	70	20	10	30	0	0	0	5	400	1500	10	0	200	10	0	0	0	0	0	0
236	1	"Golden Archer"		2	50	0	15	30	70	20	10	30	0	0	0	5	400	1500	10	0	200	10	0	0	0	0	0	0
237	1	"Charon"		2	50	0	15	30	70	20	10	30	0	0	0	5	400	1500	10	0	200	10	0	0	0	0	0	0
238	1	"Chaos Goblin"		2	50	0	15	30	70	20	10	30	0	0	0	5	400	1500	10	0	200	10	0	0	0	0	0	0
240	1	"Baz, Storage Guard"	2	50	0	15	30	70	20	10	30	0	0	0	5	400	1500	10	0	200	10	0	0	0	0	0	0
241	1	"Lawrence, Commander"	2	50	0	15	30	70	20	10	30	0	0	0	5	400	1500	10	0	200	10	0	0	0	0	0	0
242	1	"Elf Lala"		2	50	0	15	30	70	20	10	30	0	0	0	5	400	1500	10	0	200	10	0	0	0	0	0	0
243	1	"Eo, Craftsman"		2	50	0	15	30	70	20	10	30	0	0	0	5	400	1500	10	0	200	10	0	0	0	0	0	0
244	1	"Lumen, Barmaid"	2	50	0	15	30	70	20	10	30	0	0	0	5	400	1500	10	0	200	10	0	0	0	0	0	0
245	1	"Isabel, Wizard"	2	50	0	15	30	70	20	10	30	0	0	0	5	400	1500	10	0	200	10	0	0	0	0	0	0
246	1	"Zienna, Wea Merchant"	20	1000	0	15	30	70	0	100	30	0	0	0	5	400	1500	10	0	200	10	0	0	0	0	0	0
247	1	"Crossbow Guard"	90	10000	0	180	195	70	20	300	100	5	0	2	2	400	1500	10	1	200	10	0	0	0	0	0	0
248	1	"Martin, Wandering"	20	1000	0	15	30	70	0	100	30	0	0	0	5	400	1500	10	0	200	10	0	0	0	0	0	0
249	1	"Berdysh Guard"		90	10000	0	180	195	70	20	300	100	5	0	5	5	400	1500	10	1	200	10	0	0	0	0	0	0
250	1	"Harold, Wandering"	20	1000	0	15	30	70	20	100	30	0	0	0	5	400	1000	10	0	200	10	0	0	0	0	0	0
251	1	"Hanzo, Blacksmith"	20	1000	0	15	30	70	20	100	30	0	0	0	5	400	1500	10	0	200	10	0	0	0	0	0	0
252	1	"monstro 252"		2	50	0	15	30	70	20	10	30	0	0	2	5	400	1000	10	0	200	10	0	0	0	0	0	0
253	1	"Amy, Potion Girl"	2	50	0	15	30	70	20	10	30	0	0	0	5	400	1500	10	0	200	10	0	0	0	0	0	0
254	1	"Pasi,Wizard"		2	50	0	15	30	70	20	10	30	0	0	0	5	400	1500	10	0	200	10	0	0	0	0	0	0
255	1	"Liaman, Barmaid"	2	50	0	15	30	70	20	10	30	0	0	0	5	400	1500	10	0	200	10	0	0	0	0	0	0
256	1	"Lahap"			2	50	0	15	30	70	20	10	30	0	0	0	5	400	1500	10	0	200	10	0	0	0	0	0	0
257	1	"Elf Soldier"		2	50	0	15	30	70	20	10	30	0	0	0	5	400	1500	10	0	200	10	0	0	0	0	0	0

296	1	"NPC 296"		83	22000	0	335	385	250	0	500	175	3	150	2	7	400	1400	20	2	160	30	3	0	9	9	9	9

239	1	"Stadium Guard"		2	50	0	15	30	70	20	10	30	0	0	0	5	400	1500	10	0	200	10	0	0	0	0	0	0

// Castle Siege NPC
//=============================================================================================================================--------------------------------------------------------------------------------------------------------------
//Numb	Rate	Name			Level	HP	MP    MinDmg  MaxDmg   Def    MagDef  Attack Success   Move  AttType  Range    View  MoveSpeed AttSpeed	Regen	Attri	ItemR	MoneyR	MaxI ResWind ResPois  ResIce ResWater ResFire
//=============================================================================================================================--------------------------------------------------------------------------------------------------------------
215	1	"Shield"		2	50	0	15	30	70	20	10	30	0	0	0	5	400	1500	10	0	200	10	0	0	0	0	0	0
216	1	"Crown"			2	50	0	15	30	70	20	10	30	0	0	0	0	0	0	0	0	0	0	0	0	0	0	0	0
217	1	"Crown Switch2"		2	50	0	15	30	70	20	10	30	0	0	0	0	0	0	0	0	0	0	0	0	0	0	0	0
218	1	"Crown Switch1"		2	50	0	15	30	70	20	10	30	0	0	0	0	0	0	0	0	0	0	0	0	0	0	0	0
219	1	"Castle Gate Switch"	2	50	0	15	30	70	20	10	30	0	0	0	0	0	0	0	0	0	0	0	0	0	0	0	0
220	1	"Guard"			2	50	0	15	30	70	20	10	30	0	0	0	0	400	1500	0	0	0	0	0	0	0	0	0	0
221	1	"Slingshot Attack"	2	50	0	15	30	70	20	10	30	0	0	0	0	400	1500	0	0	0	0	0	0	0	0	0	0
222	1	"Slingshot Defend"	2	50	0	15	30	70	20	10	30	0	0	0	0	400	1500	0	0	0	0	0	0	0	0	0	0
223	1	"Senior"		2	50	0	15	30	70	20	10	30	0	0	0	0	0	0	0	0	0	0	0	0	0	0	0	0
224	1	"Guardsman"		2	50	0	15	30	70	20	10	30	0	0	0	0	0	0	0	0	0	0	0	0	0	0	0	0


277	1	"Castle Gate1"		2	50	0	15	30	70	20	10	30	0	0	0	0	0	0	0	0	0	0	0	0	0	0	0	0
278	1	"Life Stone"		2	250000	0	15	30	70	20	10	30	0	0	0	0	0	0	0	0	0	0	0	0	0	0	0	0
283	1	"Guardian Statue"	2	50	0	15	30	70	20	10	30	0	0	0	0	0	0	0	0	0	0	0	0	0	0	0	0
285	1	"Guardian"		2	30000	0	15	30	70	20	10	30	0	0	0	5	400	1500	10	0	200	10	0	0	0	0	0	0
286	1	"Battle Guard1"		100	23000	0	340	390	340	0	520	190	0	0	6	7	400	2000	0	2	0	0	0	0	7	7	7	7
287	1	"Battle Guard2"		100	26000	0	390	430	380	0	590	200	0	0	1	3	400	1600	0	2	0	0	0	0	7	7	7	7
288	1	"Cannon Tower"		200	50	0	575	610	500	20	1000	30	0	150	7	6	400	2000	0	0	0	0	0	0	0	0	0	0

// Land of Trials Monsters
//=============================================================================================================================--------------------------------------------------------------------------------------------------------------
//Numb	Rate	Name			Level	HP	MP    MinDmg  MaxDmg   Def    MagDef  Attack Success   Move  AttType  Range    View  MoveSpeed AttSpeed	Regen	Attri	ItemR	MoneyR	MaxI ResWind ResPois  ResIce ResWater ResFire
//=============================================================================================================================--------------------------------------------------------------------------------------------------------------
294	1	"Lizard Warrior"	75	11500	0	255	290	195	0	700	125	3	0	1	5	400	1400	10	2	170	14	3	0	25	25	25	25
290	1	"Fire Golem"		78	15000	0	270	320	210	0	800	140	3	0	1	5	400	1400	10	2	170	14	3	0	26	26	26	26
293	1	"Queen Bee"		84	25000	0	375	425	275	0	830	190	3	17	4	6	500	2000	10	2	160	30	3	0	27	27	27	27
292	1	"Poison Golem"		92	34500	0	489	540	360	0	900	240	3	3	5	5	500	2000	10	2	160	14	3	0	28	28	28	28
291	1	"Axe Warrior"		102	55000	0	560	600	550	0	1000	310	3	0	1	7	500	1600	10	2	100	50	4	0	29	29	29	29
295	1	"Erohim"		192	2000000	0	9800	12700	1600	0	2400	7600	3	150	6	8	650	1600	46200	2	70	30	4	0	2500	2500	2500	2500

// Castle Deep Monsters
//=============================================================================================================================--------------------------------------------------------------------------------------------------------------
//Numb	Rate	Name			Level	HP	MP    MinDmg  MaxDmg   Def    MagDef  Attack Success   Move  AttType  Range    View  MoveSpeed AttSpeed	Regen	Attri	ItemR	MoneyR	MaxI ResWind ResPois  ResIce ResWater ResFire
//=============================================================================================================================--------------------------------------------------------------------------------------------------------------
300	1	"Hero Mutant"		82	45000	0	681	800	493	0	547	195	20	0	1	10	800	1600	10	2	150	10	3	0	16	16	16	16
301	1	"Omega Wing"		102	115920	0	1290 1425 792	0	880	400	20	0	1	10	800	1600	10	2	150	10	3	0	26	26	28	26
302	1	"Axe Hero"		85	69000	0	769	906	608	0	678	272	20	0	1	10	800	1600	10	2	150	10	3	0	50	50	50	50
303	1	"Gigas Golem"		94	94500	0	1062	1203	778	0	820	339	20	17	5	10	1000	2500	10	2	150	10	3	0	54	54	54	54


// Aida Monsters
//=============================================================================================================================--------------------------------------------------------------------------------------------------------------
//Numb	Rate	Name			Level	HP	MP    MinDmg  MaxDmg   Def    MagDef  Attack Success   Move  AttType  Range    View  MoveSpeed AttSpeed	Regen	Attri	ItemR	MoneyR	MaxI ResWind ResPois  ResIce ResWater ResFire
//=============================================================================================================================--------------------------------------------------------------------------------------------------------------
304	1	"Witch Queen"		90	25000	0	480	650	275	0	620	220	3	150	2	7	400	1400	30	2	160	14	3	0	9	7	9	9
305	1	"Blue Golem"		85	24000	0	330	390	220	0	500	185	3	150	2	7	400	1400	10	2	160	14	3	0	9	7	9	9
306	1	"Death Rider"		83	20000	0	280	332	200	0	460	180	3	150	2	7	400	1400	10	2	160	14	3	0	9	7	9	9
307	1	"Forest Orc"		74	13500	0	260	300	180	0	440	130	3	150	1	7	400	1400	10	2	160	14	3	0	9	7	9	9
308	1	"Death Tree"		70	12500	0	250	280	160	0	420	120	3	150	1	7	400	1400	10	2	160	14	3	0	9	7	9	9
309	1	"Hell Maine"		122	400000	0	1100	1420	520	0	960	2900	3	150	2	7	400	1400	30	2	160	14	3	0	9	7	9	9

// CryWolf Boss
//=============================================================================================================================--------------------------------------------------------------------------------------------------------------
//Numb	Rate	Name			Level	HP	MP    MinDmg  MaxDmg   Def    MagDef  Attack Success   Move  AttType  Range    View  MoveSpeed AttSpeed	Regen	Attri	ItemR	MoneyR	MaxI ResWind ResPois  ResIce ResWater ResFire
//=============================================================================================================================--------------------------------------------------------------------------------------------------------------
340	1	"Dark Elf"		155	1700000	0	8100	10500	1300	0	2000	6300	3	150	3	7	400	1400	210	2	120	10	9	0	40	13	40	40
341	1	"Soram"			153	350000	0	1800	1920	1200	0	1450	920	3	150	2	7	400	1400	10	2	120	10	9	0	8	3	9	9
344	1	"Balram"		151	280000	0	1550	1650	1100	0	1350	800	3	150	4	7	400	1400	10	2	120	10	9	0	9	3	9	9
345	1	"Death Spirit"		152	200000	0	2200	2400	850	0	1500	750	3	150	4	7	400	1400	30	2	120	10	9	0	9	3	9	9
348	1	"Tanker"		133	500000	0	550	620	610	0	1400	400	0	150	6	7	0	1400	45	2	120	10	9	0	9	3	9	9
349	1	"Balgass"		194	2700000	0	13000	16900	2100	0	3200	10100	3	150	4	7	400	1400	240	2	120	10	9	0	40	10	40	40

// CryWolf Monsters
//=============================================================================================================================--------------------------------------------------------------------------------------------------------------
//Numb	Rate	Name			Level	HP	MP    MinDmg  MaxDmg   Def    MagDef  Attack Success   Move  AttType  Range    View  MoveSpeed AttSpeed	Regen	Attri	ItemR	MoneyR	MaxI ResWind ResPois  ResIce ResWater ResFire
//=============================================================================================================================--------------------------------------------------------------------------------------------------------------
310	1	"Hammer Scout"		97	80000	0	650	730	600	0	800	260	3	150	2	7	400	1400	10	2	180	30	3	0	9	7	9	9
311	1	"Lance Scout"		97	75000	0	680	750	550	0	850	280	3	150	2	7	400	1400	10	2	180	30	3	0	9	7	9	9
312	1	"Bow Scout"		97	65000	0	720	790	500	0	900	300	3	150	2	7	400	1400	10	2	180	30	3	0	9	7	9	9
313	1	"Werewolf"		118	82500	0	925	1450	700	0	1000	700	3	150	2	7	400	1400	10	2	180	30	3	0	9	7	9	9
314	1	"Scout(Hero)"		123	175000	0	1000	1200	650	0	860	820	3	150	2	7	400	1400	10	2	180	30	3	0	9	7	9	9
315	1	"Werewolf(Hero)"	125	180000	0	980	1120	680	0	900	680	3	150	2	7	400	1400	10	2	180	30	3	0	9	7	9	9
316	1	"Valam"			132	180000	0	1250	1330	750	0	1080	700	3	150	2	7	400	1400	10	2	180	30	3	0	9	7	9	9
317	1	"Solam"			135	200000	0	1400	1520	800	0	1120	780	3	150	2	7	400	1400	10	2	180	30	3	0	9	7	9	9

// CryWolf Altar
//=============================================================================================================================--------------------------------------------------------------------------------------------------------------
//Numb	Rate	Name			Level	HP	MP    MinDmg  MaxDmg   Def    MagDef  Attack Success   Move  AttType  Range    View  MoveSpeed AttSpeed	Regen	Attri	ItemR	MoneyR	MaxI ResWind ResPois  ResIce ResWater ResFire
//=============================================================================================================================--------------------------------------------------------------------------------------------------------------																									
204	1	"Wolf Statue"		2	50	0	15	30	70	20	10	30	0	0	0	0	0	0	0	0	0	0	0	0	0	0	0	0
205	1	"Wolf Altar 1"		2	50	0	15	30	70	20	10	30	0	0	0	0	0	0	0	0	0	0	0	0	0	0	0	0
206	1	"Wolf Altar 2"		2	50	0	15	30	70	20	10	30	0	0	0	0	0	0	0	0	0	0	0	0	0	0	0	0
207	1	"Wolf Altar 3"		2	50	0	15	30	70	20	10	30	0	0	0	0	0	0	0	0	0	0	0	0	0	0	0	0
208	1	"Wolf Altar 4"		2	50	0	15	30	70	20	10	30	0	0	0	0	0	0	0	0	0	0	0	0	0	0	0	0
209	1	"Wolf Altar 5"		2	50	0	15	30	70	20	10	30	0	0	0	0	0	0	0	0	0	0	0	0	0	0	0	0

//Event Exclusive NPC Update - 2006.1.23
//=============================================================================================================================--------------------------------------------------------------------------------------------------------------
//Numb	Rate	Name			Level	HP	MP    MinDmg  MaxDmg   Def    MagDef  Attack Success   Move  AttType  Range    View  MoveSpeed AttSpeed	Regen	Attri	ItemR	MoneyR	MaxI ResWind ResPois  ResIce ResWater ResFire
//=============================================================================================================================--------------------------------------------------------------------------------------------------------------
258	1	"Luke the Helper"	90	10000	0	180	195	70	20	300	100	5	0	5	5	400	1500	10	1	200	10	0	0	0	0	0	0
259	1	"Oracle Layla"		2	50	0	15	30	70	20	10	30	0	0	0	5	400	1500	10	0	200	10	0	0	0	0	0	0

// Kanturu Monsters
//=============================================================================================================================--------------------------------------------------------------------------------------------------------------
//Numb	Rate	Name			Level	HP	MP    MinDmg  MaxDmg   Def    MagDef  Attack Success   Move  AttType  Range    View  MoveSpeed AttSpeed	Regen	Attri	ItemR	MoneyR	MaxI ResWind ResPois  ResIce ResWater ResFire
//=============================================================================================================================--------------------------------------------------------------------------------------------------------------
350	1	"Berserker"		100	30000	0	400	440	310	0	640	340	3	0	2	7	800	1700	10	2	110	0	4	0	50	50	50	50
351	1	"Splinter Wolf"		80	12000	0	280	320	190	0	460	163	3	0	2	7	500	1500	10	2	155	0	3	0	20	20	20	20
352	1	"Iron Rider"		82	15000	0	300	340	210	0	490	168	3	0	2	5	500	1500	10	2	155	0	3	0	21	21	21	21
353	1	"Satyros"		85	18000	0	320	360	230	0	540	177	3	0	2	7	500	1500	10	2	155	0	3	0	22	22	22	22
354	1	"Blade Hunter"		88	21000	0	340	380	250	0	540	195	3	0	1	7	500	1500	10	2	135	0	3	0	23	23	23	23
355	1	"Kentauros"		93	24000	0	360	400	270	0	570	220	3	0	4	5	500	1500	10	2	135	0	3	0	24	24	24	24
356	1	"Gigantis"		98	27000	0	380	420	290	0	620	250	3	0	2	7	500	1500	10	2	135	0	3	0	25	25	25	25
357	1	"Genocider"		105	33000	0	420	460	330	0	650	290	3	0	2	7	500	1600	10	2	135	0	4	0	26	26	26	26
358	1	"Persona"		118	70000	0	850	1250	570	0	850	550	3	0	5	7	500	1600	10	2	130	0	4	0	29	29	29	29
359	1	"Twin Tail"		117	80000	0	900	1400	650	0	990	650	3	0	4	7	500	1500	10	2	130	0	3	0	28	28	28	28
360	1	"Dreadfear"		119	85000	0	950	1500	750	0	1050	750	3	0	2	5	500	1500	10	2	130	0	3	0	27	27	27	27

// Kanturu Boss
//=============================================================================================================================--------------------------------------------------------------------------------------------------------------
//Numb	Rate	Name		Level	HP	MP    MinDmg  MaxDmg   Def    MagDef  Attack Success   Move  AttType  Range    View  MoveSpeed AttSpeed	Regen	Attri	ItemR	MoneyR	MaxI ResWind ResPois  ResIce ResWater ResFire
//=============================================================================================================================--------------------------------------------------------------------------------------------------------------
361	1	"Nightmare"	193	2000000	0	9800	12700	1600	0	2400	7600	3	0	2	7	700	1700	10	2	150	14	3	0	170	180	210	170
362	1	"Maya's Hand"	190	1300000	0	6500	8500	1100	0	1600	5100	6	0	3	7	700	1700	10	2	150	14	3	0	90	90	90	90
363	1	"Maya's Hand"	190	1300000	0	6500	8500	1100	0	1600	5100	6	0	3	7	700	1700	10	2	150	14	3	0	90	90	90	90
364	1	"Maya"		111	100000	0	400	600	1000	0	700	350	3	0	1	7	500	1500	10	2	150	0	3	0	100	100	100	80

// Kanturu NPC
//=============================================================================================================================--------------------------------------------------------------------------------------------------------------
//Numb	Rate	Name			Level	HP	MP    MinDmg  MaxDmg   Def    MagDef  Attack Success   Move  AttType  Range    View  MoveSpeed AttSpeed	Regen	Attri	ItemR	MoneyR	MaxI ResWind ResPois  ResIce ResWater ResFire
//=============================================================================================================================--------------------------------------------------------------------------------------------------------------
367	1	"Gateway Machine"	20	1000	0	15	30	70	0	100	30	0	0	0	5	400	1500	10	0	200	10	0	0	0	0	0	0
368	1	"Elpis"			20	1000	0	15	30	70	0	100	30	0	0	0	5	400	1500	10	0	200	10	0	0	0	0	0	0


// Aida NPC
//=============================================================================================================================--------------------------------------------------------------------------------------------------------------
//Numb	Rate	Name			Level	HP	MP    MinDmg  MaxDmg   Def    MagDef  Attack Success   Move  AttType  Range    View  MoveSpeed AttSpeed	Regen	Attri	ItemR	MoneyR	MaxI ResWind ResPois  ResIce ResWater ResFire
//=============================================================================================================================--------------------------------------------------------------------------------------------------------------
369	1	"Osborne"		20	1000	0	15	30	70	0	100	30	0	0	0	5	400	1500	10	0	200	10	0	0	0	0	0	0
370	1	"Jerridon"		20	1000	0	15	30	70	0	100	30	0	0	0	5	400	1500	10	0	200	10	0	0	0	0	0	0

//Whiete Angel event item NPC update - 2006.8.23
371	1	"Leo the Helper"	90	10000	0	180	195	70	20	300	100	5	0	5	5	400	1500	10	1	200	10	0	0	0	0	0	0

// Item Sales NPC
375	1	"Chaos Card Master"	2	50	0	15	30	70	20	10	30	0	0	0	5	400	1500	10	0	200	10	0	0	0	0	0	0
end

